%%MatrixMarket matrix coordinate real general
100 575 1205                                      
1 1 0.2461551458395842
1 2 0.10012785576977849
1 3 0.2681548831244798
1 4 0.2991617713207073
1 5 0.2991617713207073
1 6 0.3521683968018305
1 7 0.17608419840091524
1 8 0.15625623696976582
1 9 0.036556542936068276
1 10 0.2991617713207073
1 11 0.3521683968018305
1 12 0.09734673489348925
1 13 0.22909082388203836
1 14 0.16214163216223357
1 15 0.2681548831244798
1 16 0.3521683968018305
2 1 0.26817660741310145
2 2 0.10908546549494669
2 7 0.1918369928247878
2 8 0.17023518795336437
2 9 0.03982695397208978
2 10 0.3259252965313385
2 12 0.10605554077464426
2 13 0.24958568194302486
2 14 0.17664710069489184
2 17 0.22155291901111837
2 18 0.3836739856495756
2 19 0.3836739856495756
2 20 0.21042791829486443
2 21 0.26817660741310145
2 22 0.3259252965313385
2 23 0.26817660741310145
3 1 0.2195449912760011
3 2 0.08930371594094744
3 7 0.15704893623050123
3 8 0.1393644405252623
3 9 0.032604664316910816
3 12 0.08682324308128057
3 13 0.20432537682300186
3 14 0.14461360576931614
3 24 0.31409787246100246
3 25 0.31409787246100246
3 26 0.31409787246100246
3 27 0.4390899825520022
3 28 0.26682143186850177
3 29 0.26682143186850177
3 30 0.31409787246100246
3 31 0.31409787246100246
4 9 0.033100258119086394
4 21 0.22288209470137343
4 32 0.24280183886196427
4 33 0.3896135843217529
4 34 0.19480679216087646
4 35 0.318872188103549
4 36 0.1748870480002857
4 37 0.5246611440008571
4 38 0.18413305751286566
4 39 0.1594360940517745
4 40 0.15283660600783228
4 41 0.22288209470137343
4 42 0.24280183886196427
4 43 0.318872188103549
5 9 0.03121081087221426
5 21 0.2101594156607597
5 32 0.2289420899644565
5 33 0.1836867230727107
5 34 0.1836867230727107
5 36 0.164904048769014
5 37 0.164904048769014
5 38 0.17362227245118603
5 39 0.15033507472212565
5 40 0.14411230230591446
5 41 0.2101594156607597
5 42 0.2289420899644565
5 44 0.1955904416138714
5 45 0.510829565105011
5 46 0.3006701494442513
5 47 0.2554147825525055
5 48 0.2554147825525055
5 49 0.3006701494442513
6 9 0.039050053998003896
6 32 0.28644564898142383
6 36 0.20632312423040264
6 37 0.4126462484608053
6 39 0.18809484988162584
6 50 0.3761896997632517
6 51 0.3195675079189686
6 52 0.3761896997632517
6 53 0.3761896997632517
6 54 0.3761896997632517
7 9 0.050150214083316706
7 36 0.26497143514890786
7 38 0.2789800677947329
7 39 0.24156168874990636
7 40 0.23156280182119235
7 55 0.4831233774998127
7 56 0.36786916147125687
7 57 0.4831233774998127
7 58 0.36786916147125687
8 9 0.03528213920313783
8 34 0.2076479383939768
8 36 0.18641513761531467
8 37 0.37283027523062934
8 38 0.19627061951284938
8 39 0.16994569782812757
8 40 0.16291118906393307
8 41 0.23757389029562812
8 42 0.25880669107429033
8 45 0.5774652859518833
8 59 0.33989139565625515
8 60 0.33989139565625515
9 37 0.1741760387921852
9 38 0.18338445834040362
9 39 0.15878790121948314
9 40 0.3044304872347395
9 44 0.2065878224350768
9 61 0.22197596000777886
9 62 0.2065878224350768
9 63 0.22197596000777886
9 64 0.22197596000777886
9 65 0.26977588122337254
9 66 0.26977588122337254
9 67 0.26977588122337254
9 68 0.24181471977482466
9 69 0.26977588122337254
9 70 0.31757580243896627
9 71 0.36676891668080724
10 9 0.03461331476445832
10 21 0.23307033049424997
10 36 0.18288136663110413
10 37 0.18288136663110413
10 38 0.19255002348636793
10 39 0.1667241291102709
10 40 0.3196459394514604
10 44 0.21691309297341677
10 61 0.23307033049424997
10 62 0.21691309297341677
10 63 0.23307033049424997
10 64 0.23307033049424997
10 66 0.28325929435739583
10 67 0.28325929435739583
10 68 0.25390063254740636
10 69 0.28325929435739583
10 71 0.38510004697273587
11 3 0.3314171196842972
11 5 0.18486952655032604
11 9 0.04518084483236125
11 14 0.10019678196047115
11 36 0.11935774866864864
11 39 0.2176254154911648
11 40 0.10430865759265556
11 65 0.18486952655032604
11 72 0.2176254154911648
11 73 0.2176254154911648
11 74 0.2176254154911648
11 75 0.4352508309823296
11 76 0.18486952655032604
11 77 0.2176254154911648
11 78 0.2176254154911648
11 79 0.050981047672524864
11 80 0.2176254154911648
11 81 0.18486952655032604
11 82 0.2176254154911648
11 83 0.2176254154911648
11 84 0.1657085598421486
11 85 0.2176254154911648
11 86 0.15211363760948732
12 87 0.7621329686231696
12 88 0.6474205265031646
13 8 0.08664599032712839
13 9 0.04054209837709971
13 89 0.3905633476725271
13 90 0.3905633476725271
13 91 0.3905633476725271
13 92 0.3317777062443416
13 93 0.2386046689998277
13 94 0.3317777062443416
13 95 0.3317777062443416
13 96 0.1871984409939879
13 97 0.29739031042801317
13 98 0.15027922273575273
14 8 0.09297917354298728
14 9 0.043505426928232414
14 79 0.09818108769197394
14 96 0.20088126717050264
14 98 0.16126352619317885
14 99 0.35602821100110876
14 100 0.31912735002385545
14 101 0.6382547000477109
14 102 0.31912735002385545
14 103 0.4191106495023137
15 9 0.02527871375702815
15 71 0.14062267542832702
15 93 0.14877422161611809
15 104 0.24352313928026056
15 105 0.24352313928026056
15 106 0.2068692544994526
15 107 0.24352313928026056
15 108 0.24352313928026056
15 109 0.24352313928026056
15 110 0.24352313928026056
15 111 0.2068692544994526
15 112 0.24352313928026056
15 113 0.17021536971864462
15 114 0.24352313928026056
15 115 0.2068692544994526
15 116 0.24352313928026056
15 117 0.24352313928026056
15 118 0.24352313928026056
15 119 0.17021536971864462
15 120 0.24352313928026056
15 121 0.15841545442093824
15 122 0.18542810639692606
16 9 0.03252596119306012
16 121 0.20383216378815394
16 123 0.21901504020914617
16 124 0.26617736205093656
16 125 0.31333968389272704
16 126 0.31333968389272704
16 127 0.31333968389272704
16 128 0.26617736205093656
16 129 0.20383216378815394
16 130 0.31333968389272704
16 131 0.26617736205093656
16 132 0.31333968389272704
16 133 0.19142685048475644
16 134 0.2385891723265469
16 135 0.26617736205093656
17 9 0.022249432817137215
17 17 0.12377112220113543
17 64 0.14981756862317472
17 86 0.14981756862317472
17 121 0.13943169910514064
17 133 0.13094582582744724
17 134 0.1632072832242239
17 136 0.1632072832242239
17 137 0.428680966833456
17 138 0.214340483416728
17 139 0.18207902601995135
17 140 0.214340483416728
17 141 0.214340483416728
17 142 0.18207902601995135
17 143 0.214340483416728
17 144 0.214340483416728
17 145 0.214340483416728
17 146 0.1632072832242239
17 147 0.214340483416728
17 148 0.1632072832242239
17 149 0.3641580520399027
17 150 0.214340483416728
17 151 0.214340483416728
18 152 0.34139855060661506
18 153 0.34139855060661506
18 154 0.34139855060661506
18 155 0.2599542981941639
18 156 0.34139855060661506
18 157 0.34139855060661506
18 158 0.34139855060661506
18 159 0.34139855060661506
18 160 0.34139855060661506
19 161 0.5773502691896257
19 162 0.5773502691896257
19 163 0.5773502691896257
20 36 0.4052814976283228
20 37 0.4052814976283228
20 40 0.3541820236749778
20 164 0.7389512226566685
21 165 0.5773502691896257
21 166 0.5773502691896257
21 167 0.5773502691896257
22 168 0.6474205265031646
22 169 0.7621329686231696
23 34 0.5213339821021504
23 170 0.8533527284221425
24 171 0.7071067811865476
24 172 0.7071067811865476
25 173 0.7956101793559913
25 174 0.6058089158349582
26 38 0.14397544611425334
26 51 0.21180149725612452
26 56 0.18984914246085238
26 119 0.17427369886185348
26 136 0.18984914246085238
26 175 0.2493292956503956
26 176 0.21180149725612452
26 177 0.18984914246085238
26 178 0.37969828492170477
26 179 0.2493292956503956
26 180 0.2493292956503956
26 181 0.21180149725612452
26 182 0.37969828492170477
26 183 0.2493292956503956
26 184 0.21180149725612452
26 185 0.2493292956503956
26 186 0.2493292956503956
27 20 0.15769777072014507
27 40 0.13781461993588517
27 123 0.2009754860050324
27 187 0.24425320128991979
27 188 0.28753091657480717
27 189 0.28753091657480717
27 190 0.5750618331496143
27 191 0.24425320128991979
27 192 0.2009754860050324
27 193 0.24425320128991979
27 194 0.18704317357229097
27 195 0.28753091657480717
27 196 0.28753091657480717
28 9 0.05808176167892757
28 14 0.12880692320864265
28 17 0.16155119282147934
28 28 0.23765708283306228
28 29 0.23765708283306228
28 197 0.279766072651697
28 198 0.279766072651697
28 199 0.21302490284591205
28 200 0.279766072651697
28 201 0.279766072651697
28 202 0.23765708283306228
28 203 0.23765708283306228
28 204 0.279766072651697
28 205 0.279766072651697
28 206 0.23765708283306228
28 207 0.279766072651697
28 208 0.279766072651697
29 9 0.031366689406093204
29 39 0.15108590465519633
29 79 0.07078693166870317
29 176 0.2566904200871502
29 194 0.19656729387843874
29 209 0.19656729387843874
29 210 0.30217180931039267
29 211 0.30217180931039267
29 212 0.30217180931039267
29 213 0.30217180931039267
29 214 0.30217180931039267
29 215 0.21120903086390777
29 216 0.2300855129108501
29 217 0.30217180931039267
29 218 0.30217180931039267
29 219 0.30217180931039267
30 220 1.0
31 8 0.0777288859277504
31 9 0.03636973999751914
31 23 0.24489729974997335
31 79 0.08207759086978343
31 96 0.16793305969426547
31 98 0.13481335393867672
31 221 0.3503688258877599
31 222 0.3503688258877599
31 223 0.3503688258877599
31 224 0.2976330628188666
31 225 0.2976330628188666
31 226 0.2976330628188666
31 227 0.3503688258877599
31 228 0.3503688258877599
32 8 0.09446195062223674
32 9 0.04419922584485024
32 79 0.09974682183326672
32 96 0.20408480326639297
32 98 0.16383526189749378
32 101 0.3242166049822061
32 191 0.3617059391494942
32 225 0.3617059391494942
32 229 0.4257943792137213
32 230 0.4257943792137213
32 231 0.4257943792137213
33 8 0.0896878636361466
33 9 0.04196540632798452
33 15 0.30783076640567864
33 48 0.3434253975609468
33 79 0.09470563857502103
33 96 0.19377040051571023
33 98 0.1555550624464423
33 102 0.30783076640567864
33 177 0.30783076640567864
33 232 0.3434253975609468
33 233 0.3434253975609468
33 234 0.4042748214323681
33 235 0.3434253975609468
34 8 0.11057299569702225
34 9 0.051737665556991615
34 79 0.11675923298968062
34 93 0.304494563903056
34 96 0.23889267503745903
34 98 0.19177833603350944
34 236 0.3795136669468849
34 237 0.3795136669468849
34 238 0.49841613210908986
34 239 0.49841613210908986
35 8 0.09506731097184579
35 9 0.04448247702306156
35 79 0.10038605033256856
35 93 0.2617951988487905
35 96 0.20539268275693306
35 98 0.16488520180205052
35 236 0.3262943503182725
35 240 0.42852308672573525
35 241 0.42852308672573525
35 242 0.42852308672573525
35 243 0.42852308672573525
36 8 0.07592071000532047
36 9 0.0355236853116244
36 79 0.08016825276708958
36 94 0.2907093441590059
36 96 0.16402650022805357
36 98 0.1316772449142849
36 99 0.2907093441590059
36 244 0.34221833630620124
36 245 0.2907093441590059
36 246 0.34221833630620124
36 247 0.34221833630620124
36 248 0.26057851530295617
36 249 0.2907093441590059
36 250 0.26057851530295617
36 251 0.34221833630620124
37 88 0.6474205265031646
37 252 0.7621329686231696
38 253 0.7071067811865476
38 254 0.7071067811865476
39 255 0.7071067811865476
39 256 0.7071067811865476
40 93 0.3965680000591938
40 257 0.6491278076500233
40 258 0.6491278076500233
41 95 0.5434652790500154
41 224 0.5434652790500154
41 259 0.6397585333031343
42 260 0.5773502691896257
42 261 0.5773502691896257
42 262 0.5773502691896257
43 263 0.7071067811865476
43 264 0.7071067811865476
44 113 0.42952471470320586
44 122 0.4679128249684218
44 146 0.4679128249684218
44 265 0.6145109404390388
45 266 0.7071067811865476
45 267 0.7071067811865476
46 146 0.7071067811865475
46 174 0.7071067811865475
47 34 0.5213339821021504
47 268 0.8533527284221425
48 41 0.20635047203939735
48 61 0.20635047203939735
48 71 0.170475530511977
48 119 0.20635047203939735
48 133 0.18035757234217129
48 182 0.22479272786954513
48 269 0.295220783094145
48 270 0.295220783094145
48 271 0.295220783094145
48 272 0.295220783094145
48 273 0.295220783094145
48 274 0.25078562756677114
48 275 0.295220783094145
48 276 0.295220783094145
48 277 0.295220783094145
49 2 0.10408629656170403
49 8 0.08121682470783488
49 9 0.03800176424493792
49 12 0.20239045447521856
49 14 0.1685517170071154
49 33 0.2236538990836902
49 79 0.08576066967316068
49 86 0.2558866093063959
49 278 0.17546874252793326
49 279 0.3109887913829707
49 280 0.19142118886098453
49 281 0.3109887913829707
49 282 0.27875608116026507
49 283 0.3109887913829707
49 284 0.21139959139075892
49 285 0.1830454867297728
49 286 0.21139959139075892
49 287 0.3109887913829707
49 288 0.3660909734595456
50 9 0.03199057769916545
50 111 0.2617960321574205
50 119 0.21541001108343732
50 121 0.20047704768968494
50 128 0.2617960321574205
50 133 0.18827592819749592
50 134 0.2346619492714791
50 192 0.21541001108343732
50 206 0.2617960321574205
50 289 0.30818205323140363
50 290 0.30818205323140363
50 291 0.30818205323140363
50 292 0.30818205323140363
50 293 0.30818205323140363
50 294 0.30818205323140363
51 2 0.07741280722508043
51 7 0.1361376612072337
51 9 0.02826330983889289
51 12 0.15052522526054615
51 14 0.12535811155883556
51 58 0.20732115068467177
51 71 0.15722565175610928
51 280 0.14236697895487607
51 295 0.5445506448289348
51 296 0.2722753224144674
51 297 0.2722753224144674
51 298 0.2722753224144674
51 299 0.2722753224144674
51 300 0.2722753224144674
51 301 0.23129380285154927
51 302 0.23129380285154927
51 303 0.2722753224144674
52 9 0.026258227708429338
52 37 0.1387368011791584
52 115 0.21488514181262094
52 121 0.16455382638140742
52 129 0.16455382638140742
52 131 0.21488514181262094
52 133 0.15453900961453132
52 304 0.2529593121293523
52 305 0.2529593121293523
52 306 0.21488514181262094
52 307 0.2529593121293523
52 308 0.2529593121293523
52 309 0.17681097149588967
52 310 0.2529593121293523
52 311 0.2529593121293523
52 312 0.21488514181262094
52 313 0.21488514181262094
52 314 0.2529593121293523
52 315 0.2529593121293523
52 316 0.2529593121293523
52 317 0.2529593121293523
53 2 0.11327548653510734
53 8 0.08838699845721468
53 9 0.04135672491225501
53 12 0.11012918106444036
53 79 0.09333199377542403
53 101 0.30336587774866214
53 278 0.19095988461624366
53 284 0.2300628647491104
53 285 0.19920553667771976
53 286 0.2300628647491104
53 318 0.3984110733554395
53 319 0.33844423151310443
53 320 0.30336587774866214
53 321 0.3984110733554395
53 322 0.3984110733554395
54 9 0.038446267209277414
54 12 0.10237889803231767
54 17 0.2138723119841421
54 20 0.20313298327373563
54 33 0.22626995713004866
54 323 0.28201666410596093
54 324 0.28201666410596093
54 325 0.28201666410596093
54 326 0.28201666410596093
54 327 0.28201666410596093
54 328 0.2588796902496478
54 329 0.2588796902496478
54 330 0.28201666410596093
54 331 0.28201666410596093
54 332 0.28201666410596093
54 333 0.28201666410596093
55 9 0.0358859720276501
55 12 0.09556106581194532
55 17 0.1996296744121815
55 20 0.18960552180460694
55 33 0.21120170933804228
55 79 0.08098584510779763
55 323 0.2632360136381604
55 324 0.2632360136381604
55 325 0.2632360136381604
55 326 0.2632360136381604
55 327 0.2632360136381604
55 328 0.24163982610472498
55 329 0.24163982610472498
55 330 0.2632360136381604
55 331 0.2632360136381604
55 332 0.2632360136381604
55 333 0.2632360136381604
55 334 0.18960552180460694
55 335 0.2936741304048431
56 2 0.08781652678350065
56 8 0.0685217910313332
56 9 0.032061693593426414
56 12 0.08537736163766595
56 79 0.07235538581065229
56 319 0.26237801161136864
56 328 0.2158888731944946
56 336 0.3088671500282428
56 337 0.3088671500282428
56 338 0.3088671500282428
56 339 0.3088671500282428
56 340 0.3088671500282428
56 341 0.3088671500282428
56 342 0.3088671500282428
56 343 0.3088671500282428
56 344 0.3088671500282428
57 2 0.13799774215233906
57 8 0.10767736776780591
57 9 0.05038278656113102
57 12 0.1341647588268688
57 79 0.1137016031053896
57 155 0.3695751610159987
57 278 0.23263667828560203
57 284 0.28027384264323174
57 285 0.24268193522391426
57 320 0.3695751610159987
57 345 0.4853638704478285
57 346 0.4853638704478285
58 9 0.03830236821453141
58 12 0.101995708152534
58 17 0.21307181786774335
58 20 0.20237268496093105
58 33 0.22542306036384252
58 79 0.08643905917035836
58 323 0.28096111522144723
58 324 0.28096111522144723
58 325 0.28096111522144723
58 326 0.28096111522144723
58 327 0.28096111522144723
58 328 0.2579107398185357
58 329 0.2579107398185357
58 330 0.28096111522144723
58 331 0.28096111522144723
58 332 0.28096111522144723
58 333 0.28096111522144723
59 2 0.08313371431607976
59 7 0.1461984113501403
59 8 0.06486786950785269
59 9 0.03035200517844193
59 12 0.16164923509090323
59 71 0.3376896636301579
59 84 0.22264245323888032
59 280 0.15288808377748003
59 347 0.2923968227002806
59 348 0.22264245323888032
59 349 0.20437660843065322
59 350 0.24838671556546688
59 351 0.2923968227002806
59 352 0.24838671556546688
59 353 0.22264245323888032
59 354 0.2923968227002806
59 355 0.24838671556546688
59 356 0.2923968227002806
59 357 0.2923968227002806
60 9 0.02905527278350553
60 79 0.13114126151560018
60 98 0.10770048875286767
60 135 0.23777485981979232
60 168 0.23777485981979232
60 194 0.18208221690249754
60 209 0.18208221690249754
60 216 0.4262609454639409
60 286 0.16163125360681904
60 358 0.2799047178148599
60 359 0.2799047178148599
60 360 0.2799047178148599
60 361 0.23777485981979232
60 362 0.2799047178148599
60 363 0.2799047178148599
60 364 0.2799047178148599
60 365 0.23777485981979232
61 9 0.029977255730016656
61 20 0.1583864918186011
61 56 0.2198935364521047
61 79 0.06765132033869396
61 98 0.11111804448194097
61 181 0.24531994010509509
61 192 0.20185321596184808
61 194 0.18786005626741806
61 209 0.18786005626741806
61 216 0.4397870729042094
61 286 0.1667601422790775
61 334 0.1583864918186011
61 335 0.24531994010509509
61 352 0.24531994010509509
61 361 0.24531994010509509
61 366 0.2887866642483421
61 367 0.2887866642483421
61 368 0.2887866642483421
61 369 0.24531994010509509
62 2 0.11303222173078288
62 9 0.041267909265542586
62 12 0.32967801932805607
62 14 0.36607652840368354
62 79 0.0931315586248237
62 280 0.4157466059997293
62 302 0.3377174055044758
62 370 0.3975554655380282
62 371 0.3027143842689464
62 372 0.1987777327690141
62 373 0.3975554655380282
63 9 0.031743316712071666
63 63 0.21374506797202356
63 97 0.23284820443211254
63 98 0.11766438229648982
63 113 0.21374506797202356
63 123 0.21374506797202356
63 148 0.23284820443211254
63 149 0.2597725630617008
63 187 0.2597725630617008
63 374 0.3058000581513782
63 375 0.2597725630617008
63 376 0.3058000581513782
63 377 0.2597725630617008
63 378 0.23284820443211254
63 379 0.2597725630617008
63 380 0.2597725630617008
63 381 0.3058000581513782
64 62 0.17567843566882604
64 79 0.06326452980038669
64 136 0.205634732923753
64 215 0.18876422119463337
64 274 0.22941238373038803
64 382 0.22941238373038803
64 383 0.27006054626614273
64 384 0.27006054626614273
64 385 0.27006054626614273
64 386 0.27006054626614273
64 387 0.27006054626614273
64 388 0.27006054626614273
64 389 0.27006054626614273
64 390 0.27006054626614273
64 391 0.22941238373038803
64 392 0.27006054626614273
64 393 0.27006054626614273
65 9 0.035601133608920414
65 79 0.08034303459559473
65 98 0.13196432600741417
65 123 0.23972185364694246
65 133 0.20952533393222902
65 194 0.2231035096471101
65 209 0.2231035096471101
65 378 0.2611466253440485
65 394 0.34296443647058134
65 395 0.34296443647058134
65 396 0.34296443647058134
65 397 0.34296443647058134
65 398 0.34296443647058134
65 399 0.34296443647058134
66 400 0.7071067811865476
66 401 0.7071067811865476
67 8 0.0841299451384441
67 9 0.039364828070929184
67 79 0.08883677071338654
67 92 0.32214347275751604
67 96 0.1817625317844113
67 98 0.14591538184829828
67 102 0.2887546256503477
67 248 0.2887546256503477
67 250 0.2887546256503477
67 402 0.37922208389242784
67 403 0.37922208389242784
67 404 0.37922208389242784
67 405 0.37922208389242784
68 8 0.1265653941664241
68 9 0.059220589920651046
68 79 0.13364635960845403
68 96 0.27344421112036227
68 98 0.21951562892598483
68 248 0.43440350463409777
68 406 0.5705030764667098
68 407 0.5705030764667098
69 408 0.7071067811865476
69 409 0.7071067811865476
70 410 0.5
70 411 0.5
70 412 0.5
70 413 0.5
71 44 0.44418559171020733
71 106 0.5800465778567603
71 414 0.6828214463779785
72 2 0.09854987827325883
72 9 0.035980425514395876
72 27 0.24227583295705846
72 79 0.08119900348181605
72 249 0.2944470938782136
72 280 0.1812393704486288
72 287 0.2944470938782136
72 372 0.17330917739968438
72 415 0.34661835479936876
72 416 0.34661835479936876
72 417 0.34661835479936876
72 418 0.34661835479936876
72 419 0.2944470938782136
72 420 0.34661835479936876
73 2 0.14801420494239906
73 8 0.17323957332774328
73 9 0.027019891700097626
73 12 0.14390300739214743
73 27 0.18193967065318564
73 279 0.221118246220146
73 350 0.221118246220146
73 353 0.1982002486818041
73 421 0.221118246220146
73 422 0.2602968217871064
73 423 0.2602968217871064
73 424 0.2602968217871064
73 425 0.2602968217871064
73 426 0.2602968217871064
73 427 0.2602968217871064
73 428 0.221118246220146
73 429 0.2602968217871064
73 430 0.2602968217871064
73 431 0.221118246220146
73 432 0.2602968217871064
74 2 0.08222191100166905
74 7 0.14459491994924117
74 8 0.12831280876646517
74 9 0.030019107037797185
74 12 0.15987628040530544
74 14 0.1331457140155037
74 278 0.1386097479523035
74 280 0.15121122063394013
74 281 0.24566243177312855
74 309 0.20213502364777478
74 348 0.22020053026621128
74 372 0.28918983989848235
74 375 0.24566243177312855
74 421 0.24566243177312855
74 433 0.24566243177312855
74 434 0.28918983989848235
74 435 0.28918983989848235
74 436 0.24566243177312855
74 437 0.24566243177312855
74 438 0.28918983989848235
74 439 0.28918983989848235
75 7 0.14035842124629203
75 8 0.12455336100646283
75 9 0.02913957469963507
75 17 0.16210021579784722
75 97 0.21374885643708227
75 100 0.21374885643708227
75 236 0.21374885643708227
75 237 0.21374885643708227
75 440 0.28071684249258405
75 441 0.28071684249258405
75 442 0.28071684249258405
75 443 0.21374885643708227
75 444 0.28071684249258405
75 445 0.28071684249258405
75 446 0.28071684249258405
75 447 0.28071684249258405
75 448 0.28071684249258405
75 449 0.28071684249258405
76 2 0.08718355859121461
76 8 0.06802789636491997
76 9 0.03183059777378085
76 12 0.08476197457742413
76 20 0.16817872720850693
76 34 0.18733438943480152
76 62 0.1994744930177336
76 79 0.07183385917510636
76 192 0.21433277897389894
76 226 0.26048683073929096
76 278 0.14697409649926324
76 284 0.1770700781082082
76 285 0.15332044125234154
76 286 0.1770700781082082
76 334 0.16817872720850693
76 365 0.26048683073929096
76 391 0.26048683073929096
76 450 0.26048683073929096
76 451 0.3066408825046831
76 452 0.3066408825046831
76 453 0.26048683073929096
76 454 0.3066408825046831
76 455 0.26048683073929096
77 2 0.0705128550242355
77 8 0.05502002064947475
77 9 0.025744146745388004
77 12 0.06855431140371138
77 20 0.13602062592348568
77 79 0.058098230672085
77 278 0.11887061421022188
77 285 0.12400344997350904
77 286 0.14321182741939964
77 334 0.40806187777045705
77 450 0.21067814193917392
77 453 0.21067814193917392
77 455 0.21067814193917392
77 456 0.24800689994701808
77 457 0.24800689994701808
77 458 0.24800689994701808
77 459 0.49601379989403616
77 460 0.24800689994701808
77 461 0.24800689994701808
77 462 0.24800689994701808
78 463 0.7071067811865476
78 464 0.7071067811865476
79 465 1.0
80 8 0.09235582622248835
80 9 0.043213759555104626
80 79 0.097522865903111
80 93 0.2543283452912757
80 96 0.19953452687525502
80 98 0.16018238959972173
80 177 0.31698786898788645
80 178 0.31698786898788645
80 232 0.3536413406634523
80 233 0.3536413406634523
80 245 0.3536413406634523
80 250 0.31698786898788645
80 466 0.416300864360063
81 467 0.7071067811865476
81 468 0.7071067811865476
82 2 0.08629179502656786
82 7 0.1517521916255343
82 8 0.06733206792733297
82 9 0.0315050161183144
82 12 0.16778996073278635
82 58 0.231100187176235
82 61 0.21214046007700008
82 79 0.07109910116160656
82 129 0.19743415321256852
82 215 0.21214046007700008
82 278 0.29094152187101585
82 285 0.3035043832510686
82 469 0.2578224216640343
82 470 0.2578224216640343
82 471 0.2578224216640343
82 472 0.46220037435247
82 473 0.3035043832510686
82 474 0.2578224216640343
83 2 0.10240363714621127
83 8 0.07990387325019464
83 9 0.03738742759809437
83 12 0.09955930485840013
83 79 0.08437426240273808
83 129 0.23429777280243805
83 278 0.34526422850831956
83 284 0.2079821048950788
83 285 0.18008637278409872
83 334 0.19753854551317943
83 349 0.2517499455315187
83 431 0.30596134554985804
83 475 0.36017274556819745
83 476 0.36017274556819745
83 477 0.36017274556819745
83 478 0.36017274556819745
84 2 0.09620606399226479
84 8 0.07506800888490174
84 9 0.03512470213214015
84 12 0.09353387361190048
84 64 0.2365137806118496
84 86 0.4730275612236992
84 182 0.2576518357192127
84 285 0.16918736079134333
84 334 0.3711666202528623
84 469 0.2874442510972681
84 472 0.5153036714384254
84 479 0.33837472158268667
85 2 0.13451214783079418
85 8 0.10495761586609699
85 9 0.04911020085065454
85 12 0.13077597931334511
85 235 0.4018950780463942
85 278 0.22676066124236513
85 284 0.2731945897572217
85 285 0.23655219163416627
85 334 0.2594764676025176
85 372 0.23655219163416627
85 480 0.4018950780463942
85 481 0.4018950780463942
85 482 0.4018950780463942
86 2 0.1055661838636524
86 8 0.08237155642142255
86 9 0.0385420690709856
86 12 0.2052680192796871
86 278 0.1779635374484346
86 284 0.21440524709444508
86 285 0.1856480069503838
86 334 0.20363915771886523
86 372 0.1856480069503838
86 480 0.31541039517346675
86 482 0.31541039517346675
86 483 0.3712960139007676
86 484 0.3712960139007676
86 485 0.3712960139007676
86 486 0.3712960139007676
87 8 0.12202089881616425
87 62 0.35779523150849624
87 68 0.2094028404582892
87 129 0.17889761575424812
87 142 0.23361619949321885
87 369 0.23361619949321885
87 380 0.4672323989864377
87 487 0.27500921016497804
87 488 0.27500921016497804
87 489 0.27500921016497804
87 490 0.27500921016497804
87 491 0.27500921016497804
87 492 0.27500921016497804
88 2 0.0769722726433091
88 8 0.06006019794286131
88 9 0.028102471266753935
88 12 0.07483431420309303
88 79 0.06342039121587922
88 199 0.2061413441425363
88 280 0.28311361678584535
88 309 0.5676878083262654
88 371 0.2061413441425363
88 372 0.27072587989214986
88 379 0.22997757466711916
88 493 0.27072587989214986
88 494 0.27072587989214986
88 495 0.27072587989214986
88 496 0.27072587989214986
88 497 0.27072587989214986
89 1 0.21383554369881255
89 2 0.08698129955763771
89 4 0.2598825216757912
89 7 0.15296474982638492
89 8 0.135740153937449
89 9 0.03175675327777803
89 12 0.08456533342926358
89 13 0.3980234556067271
89 14 0.14085281033376856
89 27 0.21383554369881255
89 124 0.2598825216757912
89 202 0.2598825216757912
89 301 0.2598825216757912
89 443 0.23294676628772581
89 498 0.30592949965276983
89 499 0.30592949965276983
89 500 0.30592949965276983
89 501 0.2598825216757912
90 2 0.05488829722923797
90 7 0.09652620387101819
90 8 0.04282843526799776
90 9 0.020039642104809192
90 12 0.053363736575116005
90 13 0.12558348660377136
90 22 0.1639951250092832
90 47 0.1639951250092832
90 79 0.045224561571449516
90 81 0.1639951250092832
90 501 0.1639951250092832
90 502 0.7722096309681455
90 503 0.19305240774203639
90 504 0.38610481548407277
90 505 0.19305240774203639
90 506 0.19305240774203639
91 2 0.07359295609212195
91 8 0.05742337283680762
91 9 0.026868687424602328
91 12 0.07154886052089315
91 23 0.18092152978162662
91 79 0.12127208683895097
91 84 0.19709111303694096
91 174 0.3941822260738819
91 278 0.24812610095590928
91 348 0.19709111303694096
91 353 0.19709111303694096
91 355 0.21988086064548854
91 372 0.12942009575467522
91 419 0.21988086064548854
91 433 0.21988086064548854
91 436 0.43976172129097707
91 507 0.25884019150935045
91 508 0.21988086064548854
91 509 0.25884019150935045
91 510 0.25884019150935045
92 2 0.11047171564336006
92 8 0.08619926215994929
92 9 0.040333072001693095
92 12 0.10740328686044817
92 14 0.17889191918142458
92 76 0.33006713145534283
92 199 0.29585702968631067
92 280 0.20316437266483534
92 282 0.29585702968631067
92 309 0.27158457620289983
92 372 0.19427484335389297
92 437 0.33006713145534283
92 472 0.29585702968631067
92 511 0.38854968670778595
92 512 0.38854968670778595
93 513 0.7071067811865476
93 514 0.7071067811865476
94 9 0.024628435210580002
94 44 0.15434031941106735
94 98 0.09129133046390132
94 100 0.18065808840244243
94 122 0.18065808840244243
94 237 0.18065808840244243
94 313 0.20154767685061692
94 515 0.2372586641744562
94 516 0.2372586641744562
94 517 0.2372586641744562
94 518 0.2372586641744562
94 519 0.2372586641744562
94 520 0.2372586641744562
94 521 0.2372586641744562
94 522 0.2372586641744562
94 523 0.2372586641744562
94 524 0.2372586641744562
94 525 0.2372586641744562
94 526 0.2372586641744562
94 527 0.2372586641744562
94 528 0.20154767685061692
94 529 0.2372586641744562
95 63 0.2719039429595863
95 148 0.1481024696776582
95 378 0.2962049393553164
95 443 0.1481024696776582
95 530 0.1945032986200026
95 531 0.3890065972400052
95 532 0.1945032986200026
95 533 0.1945032986200026
95 534 0.1945032986200026
95 535 0.1945032986200026
95 536 0.1945032986200026
95 537 0.1945032986200026
95 538 0.3890065972400052
95 539 0.3890065972400052
95 540 0.1945032986200026
95 541 0.1945032986200026
96 23 0.15112849401758488
96 40 0.20726623309665368
96 113 0.15112849401758488
96 193 0.18367224383273928
96 203 0.18367224383273928
96 528 0.18367224383273928
96 542 0.21621599364789373
96 543 0.21621599364789373
96 544 0.21621599364789373
96 545 0.21621599364789373
96 546 0.21621599364789373
96 547 0.18367224383273928
96 548 0.21621599364789373
96 549 0.21621599364789373
96 550 0.18367224383273928
96 551 0.21621599364789373
96 552 0.21621599364789373
96 553 0.36734448766547856
96 554 0.21621599364789373
96 555 0.21621599364789373
96 556 0.21621599364789373
96 557 0.21621599364789373
97 9 0.022549783115970043
97 39 0.10861695787356444
97 40 0.20824202066691963
97 71 0.3763258126076054
97 155 0.16541045652266112
97 286 0.12544193753586846
97 349 0.151839991031701
97 471 0.18453695338941495
97 547 0.18453695338941495
97 550 0.18453695338941495
97 553 0.18453695338941495
97 558 0.2172339157471289
97 559 0.2172339157471289
97 560 0.2172339157471289
97 561 0.18453695338941495
97 562 0.2172339157471289
97 563 0.4344678314942578
97 564 0.4344678314942578
98 2 0.07813288549666697
98 3 0.20924961008563747
98 14 0.12652416735162167
98 15 0.20924961008563747
98 79 0.06437666441247857
98 280 0.14369124779115222
98 282 0.20924961008563747
98 283 0.23344525101311478
98 371 0.20924961008563747
98 372 0.13740398619006136
98 481 0.23344525101311478
98 508 0.23344525101311478
98 561 0.46689050202622956
98 565 0.2748079723801227
98 566 0.2748079723801227
98 567 0.2748079723801227
98 568 0.2748079723801227
98 569 0.2748079723801227
99 2 0.16585596977711545
99 8 0.12941468444071827
99 9 0.06055378729273048
99 12 0.32249840958381165
99 79 0.13665505938089315
99 139 0.4955440753342452
99 215 0.40774168302098096
99 329 0.40774168302098096
99 349 0.40774168302098096
99 372 0.2916732338237548
100 9 0.02398256795189305
100 79 0.05412277900519852
100 98 0.08889726519566718
100 178 0.17592042872904237
100 184 0.39252439826462443
100 209 0.1502928288518591
100 306 0.19626219913231222
100 312 0.19626219913231222
100 320 0.17592042872904237
100 377 0.19626219913231222
100 382 0.19626219913231222
100 428 0.19626219913231222
100 470 0.19626219913231222
100 474 0.19626219913231222
100 570 0.2310366853227809
100 571 0.4620733706455618
100 572 0.2310366853227809
100 573 0.2310366853227809
100 574 0.2310366853227809
100 575 0.2310366853227809
